tvmonitor 0.471781 0 13 174 244 45
cup 0.414941 274 226 301 265 90
book 0.460851 429 219 528 247 120
bottle 0.287150 336 231 376 305 130
chair 0.292345 0 199 88 436 130
book 0.269833 433 260 506 336 180
book 0.462608 518 314 603 369 195
book 0.298196 592 310 634 388 215
book 0.382881 403 384 517 461 300
book 0.369369 405 429 519 470 30
pottedplant 0.297364 259 183 304 239 45
pottedplant 0.510713 279 178 340 248 50
pictureframe 0.261096 187 206 237 258 70
book 0.272826 433 272 499 341 95
book 0.619459 413 390 515 459 100
