Lower_molar 2312.223 935.8203 179.4034 287.791 2.641593
Upper_molar 2289.0152 654.0455 139.0 275.0 0.0
Upper_molar 958.5152 680.5455 184.0 288.0 3.091593
Upper_Canine 1852.2736 711.5 83.0 313.0 0.1
Upper_Canine 1377.4561 720.2644 91.3484 275.729 3.041593
Lower_Canine 1815.2736 1008.5 89.0 245.0 2.941593
Lower_Canine 1437.2736 1019.5 89.0 249.0 0.11
Lower_premolar 1333.7736 978.0 98.0 236.0 0.376495
Lower_premolar 1241.0702 950.5989 93.7924 267.2111 0.505762
Lower_Lateral_incisor 1734.7736 1016.5 62.0 221.0 2.941593
Upper_Lateral_incisor 1755.7736 749.5 76.0 247.0 0.0
Lower_Lateral_incisor 1519.0962 1012.5594 68.6265 240.3945 0.12
Lower_Central_incisor 1660.2736 991.5 59.0 197.0 3.041593
Lower_Central_incisor 1588.2736 1002.5 57.0 213.0 0.1
Upper_Central_incisor 1661.2736 739.5 99.0 291.0 0.0
Upper_Central_incisor 1562.7736 744.0 94.0 278.0 0.0
Implant 1460.4704 713.0673 71.7578 312.5909 3.041593
